11.3100004196167
11.449999809265137
13.4399995803833
23.489999771118164
24.15999984741211
27.389999389648438
25.360000610351562
19.959999084472656
43.400001525878906
47.220001220703125
50.650001525878906
40.630001068115234
38.540000915527344
54.310001373291016
62.689998626708984
58.209999084472656
56.439998626708984
50.0099983215332
60.279998779296875
61.33000183105469
57.40999984741211
58.869998931884766
53.040000915527344
61.79999923706055
63.16999816894531
59.61000061035156
59.95000076293945
55.95000076293945
63.939998626708984
65.33000183105469
62.369998931884766
62.63999938964844
60.40999984741211
68.30000305175781
68.72000122070312
67.26000213623047
67.7300033569336
63.84000015258789
69.69999694824219
71.33999633789062
71.5
71.05999755859375
68.62000274658203
73.73999786376953
75.8499984741211
74.94000244140625
74.41999816894531
71.94000244140625
75.5999984741211
78.94999694824219
78.0199966430664
77.73999786376953
73.7300033569336
78.33999633789062
80.83999633789062
79.93000030517578
78.5999984741211
76.73999786376953
79.48999786376953
82.45999908447266
81.18000030517578
79.93000030517578
77.25
80.44999694824219
82.9800033569336
82.13999938964844
80.58000183105469
78.81999969482422
81.83999633789062
83.55999755859375
83.16999816894531
81.16000366210938
80.62000274658203
82.2699966430664
83.83000183105469
83.58000183105469
82.94999694824219
81.6500015258789
82.83999633789062
84.70999908447266
84.2699966430664
83.70999908447266
82.44999694824219
83.58000183105469
85.45999908447266
84.83000183105469
84.52999877929688
82.97000122070312
84.62000274658203
85.76000213623047
85.38999938964844
84.83999633789062
84.06999969482422
84.62999725341797
85.72000122070312
85.41999816894531
84.7300033569336
83.5999984741211
84.72000122070312
86.55000305175781
