11.460000038146973
11.050000190734863
14.069999694824219
24.15999984741211
25.420000076293945
30.600000381469727
28.510000228881836
21.709999084472656
44.83000183105469
49.88999938964844
52.34000015258789
43.81999969482422
39.09000015258789
55.119998931884766
61.31999969482422
56.900001525878906
55.7400016784668
50.06999969482422
59.5
59.060001373291016
55.2599983215332
57.380001068115234
52.7599983215332
61.2400016784668
60.869998931884766
57.18000030517578
58.189998626708984
55.5099983215332
62.91999816894531
63.40999984741211
61.5099983215332
61.77000045776367
59.66999816894531
67.44000244140625
67.2699966430664
66.66000366210938
67.54000091552734
63.0099983215332
69.31999969482422
70.48999786376953
70.73999786376953
70.06999969482422
66.6500015258789
73.33000183105469
75.3499984741211
74.43000030517578
73.88999938964844
70.37999725341797
75.77999877929688
77.80000305175781
77.36000061035156
76.69999694824219
71.08999633789062
77.62000274658203
79.2300033569336
78.22000122070312
76.66999816894531
74.12999725341797
78.11000061035156
80.87999725341797
79.79000091552734
78.2300033569336
74.97000122070312
79.16000366210938
81.69000244140625
80.41000366210938
79.12000274658203
76.83999633789062
80.61000061035156
82.19999694824219
82.01000213623047
79.95999908447266
79.43000030517578
81.55999755859375
82.3499984741211
82.51000213623047
82.13999938964844
80.26000213623047
81.16000366210938
83.13999938964844
83.01000213623047
81.94999694824219
79.62000274658203
81.05999755859375
82.93000030517578
82.2300033569336
82.12999725341797
79.87000274658203
82.05999755859375
82.87999725341797
82.55000305175781
81.12999725341797
80.33999633789062
79.66000366210938
81.0199966430664
80.66000366210938
80.37000274658203
78.72000122070312
79.9800033569336
83.0999984741211
